100006
100008
100024
100025
100026
100050
100057
100069
100070
100073
100075
100078
100079
100080
100081
100082
100083
100084
100085
100086
100093
1000
1001
1003
1005
1006
1008
100924
100973
100974
100976
100984
100985
100986
100988
100989
100991
100993
100994
100995
100996
100997
100998
100999
100
101000
101001
101003
101004
101005
101006
101007
101008
101009
101010
101011
101016
101023
101028
101029
101030
101039
101041
101046
101070
101071
101075
101076
101077
101078
101081
101082
101085
101097
1010
101108
101109
101110
101111
101112
101150
101330
1014
101685
1018
101
1020
1021
1028
102
1031
1035
103907
103909
103910
103918
1040
1041
1046
1048
104
1051
1052
1053
1054
1055
1059
105
1062
1063
1064
1065
1067
1068
1069
1071
1072
1074
1077
1078
107
1083
1084
108
1094
109
10
1101
1104
1106
110
1110
1112
1113
1114
1116
1117
1118
111
1120
1122
1123
1125
1129
112
1131
1133
1134
113
1143
1144
1145
1146
1147
1149
114
1150
1154
1159
115
1160
1163
1164
1166
1168
116
1170
1171
1173
1174
1175
1177
1178
1179
117
1180
1182
1183
1184
1185
1186
1187
1188
118
1190
1192
1193
1194
1195
1198
1199
119
11
1200
1201
1202
1203
1208
1209
1214
1215
1216
1221
1225
1226
1227
1228
1229
122
1231
1234
1236
1237
123
1241
1243
1248
124
1252
1253
1259
125
1261
1262
1263
1264
1267
126
1270
1272
1275
1276
1277
1278
127
1292
1295
1296
1297
1299
129
1300
1302
1303
1304
1305
1307
1308
1309
130
1310
1313
1314
1318
1319
131
1320
1321
1323
1325
1326
1327
1328
1329
132
1330
1332
1333
1334
1335
1336
1338
133
1340
1342
1344
1345
1349
134
1350
1352
1354
1355
1358
1359
135
1361
1366
1368
1369
136
1373
137596
137599
1375
137605
137608
137634
137667
137675
137686
137698
137754
1377
137817
137831
137834
137867
137888
137898
137914
137935
1380
1381
1383
1387
1388
1389
138
1390
139396
139399
1393
139402
139406
139411
139414
139417
139426
139431
139436
139444
139450
139466
139471
139474
139480
139485
1394
139507
139536
139578
1397
1398
1399
139
13
1401
140286
1406
140896
140905
140908
140927
140933
140936
140941
140944
140952
140966
140976
140989
140
141083
141091
141096
141099
1410
141127
141132
141145
141152
141179
141184
141291
1412
141333
1414
1416
141
1422
1423
1425
1426
1427
1429
142
1433
1435
1436
1437
1438
1439
143
1440
1442
1443
1444
1445
1446
1447
1448
1449
144
1450
1451
1452
1453
1454
1457
1458
145
1461
1464
1465
1466
1467
1471
1473
1475
1478
1479
147
1484
1486
1487
1488
1490
1493
1495
1496
1497
14
1501
1506
1507
1508
1509
1512
1513
1514
1515
1516
1517
1519
1520
1521
1522
1525
1527
1528
1529
1532
1538
1540
1545
1546
1547
1548
154
1551
1552
1553
1555
1556
155878
1560
1563
1566
156728
1568
156
1570
1571
157215
1572
1573
1574
157794
157798
157801
157835
157846
157850
1578
157941
157946
157954
157965
157973
157991
157997
157
158000
158003
158008
158014
158022
158025
158048
158057
158061
1580
1581
158668
158673
158676
158681
158684
158687
1587
158
1590
1596
1597
1598
159
15
1600
160148
1606
160
1617
1620
1621
1627
163525
163596
163634
163649
163654
163665
163681
163690
163693
1636
163703
163721
163727
163746
163921
163934
163937
163956
163961
163966
163971
163976
163979
163985
163
1642
1643
1646
1647
1652
1653
1655
1656
1657
1658
1659
166002
166016
166024
166035
166063
166073
1660
166100
166108
166113
166119
1661
166272
166277
1662
1665
1666
1667
1671
1672
1675
167635
1677
167
1681
1682
168549
168555
168558
168563
168569
168572
168577
168593
168621
168624
1686
168782
168796
168811
168816
168829
168984
168
169079
169090
169095
169105
169154
169160
169186
169189
1692
1695
169802
169805
1698
1699
169
16
1702
1703
1705
1706
1707
1708
170
1711
1713
171430
171433
171436
171439
171442
171445
1715
171607
171612
171617
171622
171629
171673
171680
171684
171695
1716
171703
171706
171719
171829
171839
171844
171851
171863
171866
171876
171881
171929
171
1723
1724
1727
172
1738
173
1742
1745
1747
174
1752
1756
1757
1759
175
1762
1764
1766
1770
1772
1775
1777
1778
177901
177904
177907
177910
177926
1779
177
178029
1780
178145
178148
1782
178303
178320
178333
178377
178382
178400
178464
178469
178475
178478
178481
178487
1784
178509
1786
1787
1788
1790
1791
179494
1794
1797
1798
1799
179
17
1801
180229
1802
1803
1806
1807
1808
1809
180
1810
1811
1812
1816
1818
181
182050
1822
1824
1825
1826
1827
182
1830
1832
1834
183675
1836
183707
1837
1839
183
1842
1848
184
1851
1852
1855
1856
1858
185
1860
1861
1865
1867
186
1871
1872
1873
1875
1876
1878
1879
1880
1882
1883
1885
188
1891
1892
189427
1895
1896
1897
1899
189
18
1900
1901
1906
1908
1909
190
1910
1911
1912
1913
1914
1915
1916
1917
1918
1919
191
1920
1923
1926
1927
1928
1929
192
1930
1931
1933
1934
1937
193
1941
1942
1945
1946
1947
1948
1949
1951
1952
1954
1955
1959
195
1962
1964
1968
1969
1970
1972
1973
1974
1979
1980
1986
1988
198
199241
199244
199251
199267
199276
199296
199299
199302
199306
199310
199318
199343
199351
199354
1993
1995
1997
199
2001
2003
2004
2007
2008
200
2010
2013
2015
2016
2017
2019
201
2020
2021
2022
2023
2024
2025
2026
2027
2028
2031
2032
2035
2036
2038
2040
2041
2044
2045
2047
2048
204
2050
2052
2053
2056
2057
2058
2059
205
2062
2063
206436
206443
206448
206484
2064
206546
206549
206559
206569
206572
206583
206594
206599
2065
2067
2069
2070
2072
2073
2074
2075
2077
2078
207
2083
208441
208444
208447
2084
208513
2085
2086
2088
208999
2089
209004
2090
2091
2092
209335
209370
2095
2097
2098
209902
209905
209908
209919
209943
209951
209956
209959
209964
209967
209970
209981
20
210110
210122
210128
210136
2101
210272
2104
210548
210571
2107
2108
211017
211067
2110
2111
2114
2115
2116
2117
2118
2119
211
2122
2123
2126
2128
212
2131
2133
2134
213504
2135
2136
2137
2138
2139
213
2140
2141
2143
2145
2148
2149
214
2150
2151
2152
2155
2157
2158
215
2162
2163
2165
216694
2166
2167
216866
216873
2169
217012
217017
217059
217067
217253
217260
217266
2172
217335
217340
217346
217377
217385
217390
217563
217622
2176
2177
217
2180
2181
2182
2183
2184
2185
2189
218
2196
2197
2198
2199
219
2200
2201
220295
2202
220386
220393
2203
220402
220460
220493
220497
2204
2206
2209
220
221008
221016
221054
221061
221074
221091
221098
221120
221139
2211
2213
2215
2216
2218
221
2220
2221
2222
2224
2228
2229
222
2232
2233
2234
2235
2237
2238
2239
223
2241
2246
2248
2249
2250
225147
225154
2251
2252
2253
2254
2255
2256
2257
2260
2261
226307
226313
226316
2266
2268
2269
226
2271
2273
2274
227510
2278
227982
227990
227
228113
228116
228119
228123
228169
228190
228240
228277
2282
228302
228305
228308
228371
228384
228390
228396
228399
228402
228410
228415
228423
228426
2285
2287
2289
2290
2291
2295
229717
2297
2298
2299
229
22
2300
2301
2302
2305
2306
2307
230800
230839
230851
2308
2309
230
231080
2310
231111
231137
231140
231144
231147
231154
231160
231169
231178
231183
2311
231214
231222
231226
231237
231242
231249
231393
231401
231445
2314
231568
231580
2315
231625
231632
2316
231720
231736
2318
2319
231
2321
2322
2323
2324
2325
2326
2328
232
2330
2331
2332
2334
2337
2339
233
2340
2342
2345
2347
2348
2349
234
2356
2357
235
2363
2364
2368
2369
236
2370
2373
2374
2375
2377
2378
2379
237
2380
2382
238329
238446
238455
238459
238468
238578
238583
238606
238624
2386
238722
238750
238769
2387
2388
2394
2396
2398
2399
239
23
240071
240085
240094
2400
240103
240112
2406
2407
2408
2409
240
2410
2412
2414
241
2429
242
2430
2432
243343
2435
2437
2438
2439
243
2440
244242
244310
2444
244
2456
2457
245
2460
2461
2462
2463
2466
246
2470
2471
247234
247245
247257
247262
247353
2473
247525
247585
247598
2475
247604
247691
2476
247768
247798
2477
247806
247815
2479
248111
2481
2483
2484
2485
2487
2489
248
2491
2492
2494
2495
2496
2497
2499
249
2500
2501
2502
2505
2508
250923
250972
250977
250984
250989
250994
250999
251004
251009
251014
251019
251028
251038
251046
251056
251061
251066
251071
251076
2510
2511
251274
251282
2512
251347
251380
251383
251393
2513
2514
251510
2515
251623
251636
251639
251643
2516
2518
251909
251912
251915
251937
251992
2519
252054
252164
252183
2521
2522
2523
2524
2526
2528
2533
2536
2538
254343
254346
254351
254361
254478
254504
254509
254516
254519
254525
254528
254531
254534
254704
2547
254854
254857
254864
254875
254881
254886
254892
254913
254930
2549
255138
255182
255210
2552
2554
2556
2557
2560
2563
2564
256
2570
2571
2572
2573
2574
2575
2576
2578
2579
257
2582
2583
2584
2585
2588
2589
258
2590
2591
2593
25968
2596
2597
2598
25
2604
2608
2609
261102
261112
261120
261144
261183
261190
261197
2611
261204
261211
261222
261229
261236
261243
261250
261265
261272
261279
261290
261295
2612
261304
261311
261318
261323
261330
261337
261344
261349
26137
2613
261476
261483
261494
2614
261519
261524
261529
261534
261537
261552
261584
261652
2616
2617
261920
2619
261
2623
2631
263297
2632
2633
263410
263432
263455
263458
263463
263479
263487
263494
2634
263501
263508
263516
263534
2635
263665
2636
2637
2639
264200
2643
264450
264580
2645
264675
2655
2658
2662
2663
2668
2669
266
2670
2671
2672
2673
2678
26790
26791
26792
26793
267
2680
268249
268261
2686
268810
268882
2688
268940
268943
268947
268
2690
2695
2697
2698
269
26
2701
2703
2704
2707
2709
270
2710
2712
2714
2715
2717
271861
2719
2720
2722
2724
2728
272
2730
2732
2736
273
2741
2743
2744
2745
2746
274
2750
2751
2753
2754
275543
275555
275761
275766
275864
275872
2759
275
2760
276152
276183
276193
276198
276238
276241
276244
276280
2762
276399
276413
276422
276432
276435
2764
276556
276575
276580
276608
276621
276630
2768
2769
276
2770
2771
2772
2773
2774
2776
2777
2779
277
2780
2785
2786
2788
2789
2790
2791
2792
2793
2795
2796
279882
2798
279914
279947
27
280062
280071
280195
2801
280200
280210
280219
280224
280229
280234
2802
280333
280356
280365
280384
280397
2804
280633
280679
2806
280763
280779
280785
280794
2807
2808
280914
280921
280
281090
281122
281127
281201
2812
2815
2818
2819
281
2820
282166
2821
2822
2824
2826
2828
2831
2833
2834
2835
2836
28378
2838
2839
2840
284160
284169
284180
2841
284227
284271
284282
284289
2842
284324
284332
284339
284388
2843
284400
284417
284426
284454
2847
2848
284979
284984
2849
284
2850
2855
2856
285
2863
2865
2866
2867
2868
2869
286
2871
2872
2874
2875
2876
2879
287
2882
2884
2885
2886
2889
288
2890
289157
289176
2891
289266
289390
289483
289494
289504
289522
289548
289560
289596
289601
2896
2897
2898
289916
289
28
2900
2901
2902
2903
2905
29072
29073
2907
2908
2909
290
2911
2912
2916
2917
2919
291
29207
2920
2921
2924
2926
2928
2929
292
2930
293168
293173
293181
2932
293381
2934
2935
293603
293621
293707
293725
293807
293812
293843
293939
293948
293964
293967
293978
293987
293
294023
2940
2942
294415
294975
294
295000
295036
295044
295047
2953
2956
2958
2959
295
2962
2963
2964
2965
2968
2969
296
2970
2971
2972
2973
2975
2976
2978
297
2980
29822
2983
2985
2988
2989
298
2990
2994
2995
2997
29
3000
300179
300298
3002
300305
300373
300385
3003
300493
3004
300536
300570
300573
3005
300605
3006
300751
3008
3010
3011
3015
3016
3019
3021
3023
3027
302
3032
3033
3034
3035
3038
30391
3041
3042
3044
3047
3051
3052
3055
3057
3063
306498
306511
306542
306550
306617
306669
306674
306682
306686
306692
306731
306734
306741
3068
306
3071
3074
3077
3078
3079
307
3080
3082
308552
3085
3088
308
309031
309108
309155
309162
309169
309246
309252
309256
30925
309263
309271
309282
309288
3092
3093
3095
3097
309854
3098
3099
30
3101
3102
3103
3104
3107
3109
31112
3111
31150
3115
31202
31204
31205
3121
3124
3129
312
3130
3132
3134
313772
313781
3137
313855
313892
3138
313906
313947
313
314034
314389
3143
314404
314473
314478
3144
314575
314585
314588
3145
314603
314621
314632
314647
314652
314655
314662
314679
314769
314795
314802
314811
314911
314918
314978
314
3151
3152
3156
3157
315
3162
3163
3164
3165
3166
3168
3169
316
31709
3173
3175
3176
3177
317
3180
3181
31824
31825
31826
3186
3189
318
319171
319182
319195
319199
3191
319213
319218
319251
319332
3193
319487
3194
319514
319552
319600
319671
319675
3196
3197
3198
3199
31
3201
3202
320355
320360
320365
320370
320375
320380
320385
320391
320396
3203
320401
320406
320411
3204
3205
3206
3207
3208
320
3214
3216
3217
3218
3219
321
3220
3222
3224
3225
322
3230
3232
3233
3235
3236
3237
3238
3239
3240
3241
324262
324290
3242
324313
3243
324410
324416
324422
324442
324525
324540
324575
324581
324588
324604
324625
324636
3246
324703
324708
324713
324723
324737
3248
324964
324
3250
325124
325345
3253
3255
3258
325
3260
3261
3265
3266
3268
3269
326
3270
3275
327
3282
3283
3286
3287
328
329178
329224
329228
329249
329284
329308
329314
329329
329336
329466
329475
329478
3294
32960
329918
329967
329971
3299
329
32
330001
330012
330015
33001
330021
330050
330054
330058
330064
3301
3303
3304
3305
33067
33069
3306
3307
3309
330
3310
33110
33111
331206
331235
3312
3314
3316
3318
3319
331
33208
3320
33226
3322
3325
33276
3327
3329
33314
33355
33364
3337
3338
3339
333
33402
33408
3342
33445
3344
3346
33475
3347
3348
334
3350
3352
3353
33543
33574
33577
335
3361
3363
3366
3369
3374
3375
3376
3377
3378
3379
337
3380
3384
3385
3386
3392
33
3400
3403
3404
3405
3406
3408
3409
340
3411
3412
34145
3416
3417
34217
3424
3426
3427
3429
342
3433
3434
3437
3439
343
3440
3447
3448
3449
34515
34516
3451
3452
3453
3454
3455
3456
34587
3459
345
3463
3464
3465
3467
3469
346
3471
3472
3473
3474
347
348
349
35062
35069
35078
35093
35099
35107
35122
35125
35173
351
352403
352447
352470
352479
352490
352530
352540
352577
352582
352596
352641
352649
352665
352675
352682
352723
352731
353253
353277
353281
353284
353298
353327
353
354
355
35612
35664
35687
35689
356961
356996
356
357001
35701
357043
357058
35706
357074
35708
35710
357154
357175
357225
35737
35858
35878
358
35909
35
360
361
36234
36237
36238
36258
363400
363417
363429
363432
363444
363454
363523
363528
363549
363558
363611
363618
363623
363654
363659
36367
363686
363700
363705
363710
363717
363722
363741
36386
36387
363958
363965
36397
364028
364055
36412
36426
364577
364
365
366
367
36899
368
36913
369837
369840
369847
369873
369891
369929
369939
369942
369950
369
36
370010
370022
370079
370091
370097
370103
370348
37042
370921
370924
370927
370930
370943
370959
370968
370980
370997
371364
371428
371
37202
373
37553
375
37612
376
37748
377
379
37
380
381
382
384
388
389
38
39041
39044
391307
391372
391408
391411
391417
391428
391457
391474
391487
391641
391646
391665
391673
391
392
393
394
395
396
397590
397596
397612
397685
397709
397715
397725
397744
397933
397941
397946
397951
397973
397
398063
398069
398079
398124
39812
398147
398156
398173
398189
399058
399081
399086
399096
399103
399180
399805
399808
399
400
401768
401777
401780
401785
401795
401800
401805
401810
401815
401820
401830
401835
401840
401849
401866
401901
401911
401923
401935
401942
401945
401953
401973
401986
402075
402823
40366
403
404440
404443
404448
404451
404454
404473
404493
404499
404
405
407
408
40923
409
40
411493
411511
411515
411527
411536
411543
411590
411593
411602
411629
411634
411641
411696
411703
411709
411777
411986
412035
412057
412066
412069
412217
412
414
415
416
41751
417
419
41
420179
420485
420492
420556
420561
42062
420741
420794
422
423275
423296
423461
423479
423
424016
424019
424107
424
425
42642
42665
42775
427
428
429
42
43116
431329
431341
431361
432
43393
434179
435387
435628
435638
435651
435660
435804
435934
435938
436003
436141
436144
436159
436174
436182
436245
436252
436271
436274
436
438114
438134
438178
438213
438216
438274
439167
439218
439224
439232
439254
439822
439
43
440354
440437
440713
440727
441
442582
442835
443167
443804
443811
444002
444013
444051
444072
444077
444099
444463
444490
444
445038
445062
446
447753
447757
447760
447788
447877
447896
447980
447997
447
448237
44890
449280
449285
449395
449400
449427
449432
449563
44
452
453499
453504
453510
453521
453533
45358
45448
45452
45453
454718
454750
454831
454836
454840
454887
454
455
456312
456328
457050
457077
457083
457193
457205
457212
457240
457260
457279
457284
457351
457359
457365
457395
457485
457
458798
458803
459033
459056
459061
459070
459074
45
46059
461
46348
464282
464288
464306
464311
464318
464321
464329
464343
464370
464440
464453
464738
46486
46487
46488
464
46532
465508
465
46627
466650
466677
466688
466722
466768
466791
466794
466926
466934
466943
466950
466
467166
46724
468620
468631
468661
468678
468699
468726
469
46
47045
470
47159
474
475
476126
47612
477673
477774
477781
477814
477817
477993
477
478029
478
47
480520
480536
480864
480880
480898
480907
480
48104
481152
481
482601
482606
482
48372
48377
48431
48435
485350
485405
485421
485
48652
486815
48686
486
487796
487825
487
48818
488191
488232
488333
488434
488437
488594
488613
488618
488627
488632
488635
488642
488650
488
48918
48
49041
49042
492
49382
493
494344
494424
494444
494526
494541
494
49566
495818
495875
495
496641
496689
496756
496790
497764
49804
49827
498359
499009
499096
499
49
500055
500095
500144
500150
500159
500166
500180
500533
500545
500
501
502423
502430
502434
50251
502
503
504476
505216
505237
505248
505395
505652
505
506353
506358
506
507
508093
50809
50810
50811
50812
50814
50815
50839
508410
508488
508498
508533
508542
508
50918
50942
50943
50944
50945
509
50
51083
510
51188
511
51208
512260
512
513436
513456
514
51608
51636
517
51890
51
52022
52047
52055
52056
520
521219
521258
521308
521390
521406
521411
521426
521445
521
522077
52368
523
52416
52417
52427
52429
52430
524
52503
525731
525
526
527497
528084
528623
528647
528
52901
529665
529799
529808
529962
529965
529970
529
52
53035
530838
530983
530
531151
531
53271
53296
53351
53372
533
534
53583
536467
536471
536516
536532
536545
53693
53697
536
53715
53719
53721
537
538934
538
53
54028
54057
540
541423
542306
542310
542323
54247
54251
542592
542643
543470
54370
543
544254
544469
544482
544488
544503
54595
545
548
549
54
550
551
552
555874
555877
555905
556030
556037
55654
556955
556
557003
55881
558
559
560
561854
561
562528
562639
562
56304
56305
563609
563612
563991
563
564003
564178
56425
564
565612
565624
565782
565899
565
566243
566943
566
567544
567546
567548
567983
567
568051
568
569
56
570422
570
57145
57196
572013
572333
572798
572
573
574
575
576283
576
57782
577
578
579
57
580
581
582
583097
583861
583
584
585
586
588
589618
589821
589905
589
58
590
59135
59181
592574
59298
592
59303
59315
596448
596
597
598
599373
59
5
60015
60025
60026
60030
60032
60033
60039
60040
60041
600
602
603
606
609
60
610
611
614
615
616
617
618
61
620102
621
622
623615
623626
623789
624
626
627
628
62
631
63259
63260
63273
63275
633228
633
63442
63446
63455
634
635
636
637
63862
638
639
63
640
641
64280
642
643
644
646
64734
64739
64741
64743
64744
64745
64752
64753
64754
64755
647799
647
648919
648
649
64
650
65282
65285
65286
65288
652
653
654
655
65681
65682
65683
65684
656
65759
658549
659
65
660
661
662
663
664372
664
66518
66529
66624
66625
66627
66628
66629
66630
66631
66633
66634
66637
66661
666
667
668
67036
67041
67042
67043
67044
67045
67046
67047
67048
672
673
675
676
677
678
679
67
681
682
683
684
685082
68
69061
69063
69076
69077
69078
69085
69087
69125
69126
693661
693681
69663
69665
697160
69735
69736
69744
69745
699
6
700
701
702
703
70472
70475
70476
704
70567
70568
70578
70588
70589
70591
70592
70593
70594
70595
705
707
708
709
70
710
71211
71212
71213
71267
71272
71273
71275
71276
71277
71289
713
71493
71505
71517
71518
71519
71526
71528
71529
715
716
718
71
720
721
722
723
724
725
726
727
728
729
72
730
731
73223
73224
73229
73230
73245
73246
73256
73263
73267
73272
73273
732
733
735
737
739
73
740
742
743
744
745
746
747
74
750
75233
75234
75249
752
75325
75373
75374
75376
75377
75378
75382
75389
75392
753
75496
75497
75508
75563
75564
75565
75566
75567
755
757
75840
75857
75858
758
760
761
763
764
765
766
767
769
770
77258
77259
77260
77261
77293
77296
77297
77298
77299
772
77300
77301
773
774
776
777
778
779
781
782
783
785
786
79076
79078
79083
79084
79085
79086
79087
79093
79094
79095
79096
79097
79098
79099
790
79100
79101
79102
79106
79107
79113
79124
79126
79127
79128
79129
79133
79134
79135
79136
79137
79138
79139
79140
79141
79144
79145
79147
79148
79149
79151
79152
79153
79155
79156
79159
791
79230
79233
79234
79235
79237
79238
79239
79240
79241
79242
79243
79244
79246
79254
79255
79259
79273
79276
79277
79278
79279
79280
79281
79282
79283
79284
79292
79299
792
79301
79302
79303
79312
79314
79318
79319
79320
79321
79322
79323
79324
79325
79326
79327
79328
79329
79330
79332
79333
79345
79350
79351
79394
79395
79396
79397
79399
793
79400
79401
79402
79403
79404
79405
79406
79408
79409
79410
79411
79414
79430
79431
79432
79433
79434
79435
79443
79444
79445
79452
79455
79456
79457
79473
79474
79476
79477
79478
79480
79481
79492
79493
79499
794
79500
79501
79503
79644
79665
796
797
798
799
79
7
800
803
805
808
809
80
810
811
812
813
816
818
819
81
820
821
822
824
827
828
829
82
83313
83317
833
83450
83451
83452
83453
83454
83461
83463
83465
83467
83468
83469
83471
83472
83473
834
83597
83600
83601
83617
83619
83620
83628
83629
838
839
83
84064
84081
84085
84090
840
84142
841
845
846
847
848
849
84
85112
85128
85138
85162
85163
85164
85165
85166
85167
85168
85169
85170
85172
85173
85174
85175
85179
85184
85188
85193
85194
85197
85198
85199
851
85201
85202
85203
85212
85273
85274
85275
85276
85277
85278
85279
85280
85282
85283
85284
85285
85286
85287
85288
85290
85292
85293
85294
85295
85297
85317
85319
85320
85321
85322
85323
85324
85325
85326
85327
85329
85332
85334
85335
85336
85338
853
85408
85410
85414
85435
85436
85438
85443
85445
85446
85447
85448
85450
85451
85458
857
858
859
860
861
86309
863
86788
867
86812
86814
86816
86818
86820
86822
86839
86841
86843
86884
86893
868
86909
86914
86918
86919
869
870
871
873
87503
87876
87884
87
881
882
884
88616
88618
88619
88621
88628
88629
88630
88635
88637
88639
88643
88644
88661
886
887
888
889
88
890
891
892
893
894
895
896
897
89838
89842
89843
89844
89936
89937
89938
899
8
90000
90002
90003
90023
90024
90026
90033
90035
90036
90037
90038
90039
90041
90042
90044
90045
90050
90051
90058
90060
90062
90064
90065
90068
90081
900
90103
90117
90153
90154
90156
90157
90158
90159
90160
90186
901
90280
90281
90283
90289
90291
902
90301
90307
90308
90321
90322
90324
90340
90342
90348
90349
90354
90362
90363
90368
903
904
905
90646
90647
90650
90652
90653
90654
90658
90673
90674
90695
906
90790
90791
90793
90794
90795
90796
90797
908
909
90
910
91130
91131
91132
91135
91138
91139
911
912
91347
91348
91349
91350
91351
91354
91355
91359
91387
913
91412
91414
91416
91495
91500
91546
91547
915
916
91
92050
920
921
922
926
927
929
930
93101
93108
93109
93110
93111
93126
93160
931
93256
93258
93259
93260
93262
93267
93271
93274
93283
93284
93296
93298
93299
932
93302
93304
93307
93308
93311
93314
93315
93316
93317
93320
93321
93322
93323
93324
93325
93328
93329
93333
93346
93351
93352
93356
93357
93360
93383
93384
93387
93388
93394
93396
93397
93399
93400
93402
93403
93404
93405
93406
93409
93473
93474
93476
93552
93585
93598
93599
935
93600
93672
93921
93924
93925
93926
93928
93929
93930
93932
93941
93945
93946
93947
93950
93952
93958
939
93
94058
94059
94063
94064
94065
94066
94068
94080
94083
94086
94088
94089
94090
94093
94122
94124
94125
94147
941
945
949
950
95159
95232
952
95409
95427
95428
95429
95430
95433
95434
95455
95459
95494
95496
95512
95513
955
95613
95619
95626
95699
95702
95706
95707
95712
95713
95715
95716
95717
95719
95720
957
958
959
95
96061
96092
96097
96121
96123
96125
96129
96147
96148
96149
96167
96168
96169
96170
96176
96179
96180
96181
96182
96183
96184
96190
96191
96201
96253
96263
96264
96334
963
968
969
96
970
971
97214
97229
97230
97240
97244
97261
97278
97279
97280
97282
97283
97285
97286
97287
97289
97290
97292
97297
972
97330
97332
97335
97336
97337
97339
97341
97349
97352
97355
97360
97362
973
974
97560
97685
976
977
978
97
980
981
983
98673
98754
98755
98756
98757
98758
98759
98760
98761
98762
98763
98764
98765
98766
98767
98768
98769
98771
98772
98773
98784
98791
98793
98794
98795
98797
98798
98805
98806
98807
98808
98809
98810
98811
98813
98818
98820
98826
98827
98848
98849
98850
98853
98855
98856
98863
98870
98878
98879
98880
98881
98889
98890
98892
98895
98896
98897
988
98902
98905
98907
98908
98909
98911
98912
98913
98914
98915
98916
98919
98933
98934
98957
98960
98962
98963
98964
98969
98973
98974
98976
98977
989
98
99000
99013
99014
99015
99027
99050
99094
99095
990
99103
99104
99105
99106
99125
99147
991
99226
99228
99329
99330
99413
99429
994
99642
99646
99657
99688
99725
99734
99735
99736
99742
99745
99748
99750
99771
99772
99776
99798
99802
99803
99811
99812
99818
99819
99824
99825
99826
99827
99828
99829
99832
99843
99845
99852
99857
99867
99868
99879
99880
99885
99886
99889
998
99901
99921
99925
99926
99927
99928
99931
99939
99940
99944
99947
99948
99949
99950
99953
99956
99965
99966
99967
99969
99971
99976
99977
99978
99981
999
9
